0   0
0.0628318   0.0627905
0.125664   0.125333
0.188496   0.187381
0.251327   0.24869
0.314159   0.309017
0.376991   0.368124
0.439823   0.425779
0.502655   0.481754
0.565487   0.535827
0.628318   0.587785
0.69115   0.637424
0.753982   0.684547
0.816814   0.728969
0.879646   0.770513
0.942478   0.809017
1.00531   0.844328
1.06814   0.876307
1.13097   0.904827
1.1938   0.929776
1.25664   0.951056
1.31947   0.968583
1.3823   0.982287
1.44513   0.992115
1.50796   0.998027
1.5708   1
1.63363   0.998027
1.69646   0.992115
1.75929   0.982287
1.82212   0.968583
1.88496   0.951057
1.94779   0.929777
2.01062   0.904827
2.07345   0.876307
2.13628   0.844328
2.19911   0.809017
2.26195   0.770514
2.32478   0.728969
2.38761   0.684547
2.45044   0.637424
2.51327   0.587786
2.57611   0.535827
2.63894   0.481754
2.70177   0.42578
2.7646   0.368125
2.82743   0.309018
2.89026   0.24869
2.9531   0.187382
3.01593   0.125334
3.07876   0.0627912
3.14159   6.5359e-007
3.20442   -0.0627899
3.26726   -0.125333
3.33009   -0.187381
3.39292   -0.248689
3.45575   -0.309016
3.51858   -0.368124
3.58141   -0.425779
3.64425   -0.481753
3.70708   -0.535826
3.76991   -0.587785
3.83274   -0.637423
3.89557   -0.684547
3.95841   -0.728968
4.02124   -0.770513
4.08407   -0.809016
4.1469   -0.844327
4.20973   -0.876306
4.27257   -0.904827
4.3354   -0.929776
4.39823   -0.951056
4.46106   -0.968583
4.52389   -0.982287
4.58672   -0.992115
4.64956   -0.998027
4.71239   -1
4.77522   -0.998027
4.83805   -0.992115
4.90088   -0.982287
4.96372   -0.968583
5.02655   -0.951057
5.08938   -0.929777
5.15221   -0.904828
5.21504   -0.876307
5.27787   -0.844329
5.34071   -0.809018
5.40354   -0.770514
5.46637   -0.728969
5.5292   -0.684548
5.59203   -0.637425
5.65487   -0.587786
5.7177   -0.535828
5.78053   -0.481755
5.84336   -0.42578
5.90619   -0.368126
5.96902   -0.309018
6.03186   -0.248691
6.09469   -0.187383
6.15752   -0.125335
6.22035   -0.0627918
6.28318   -1.30718e-006
